0 -1 -1 -2 -3 -5 -8 -13 -21 -34 -55 -89 -144 -233 -377 -610 -987 -1597 -2584 
1 0 1 1 2 3 5 8 13 21 34 55 89 144 233 377 610 987 
1 -1 0 -1 -1 -2 -3 -5 -8 -13 -21 -34 -55 -89 -144 -233 -377 
2 -1 1 0 1 1 2 3 5 8 13 21 34 55 89 144 
3 -2 1 -1 0 -1 -1 -2 -3 -5 -8 -13 -21 -34 -55 
5 -3 2 -1 1 0 1 1 2 3 5 8 13 21 
8 -5 3 -2 1 -1 0 -1 -1 -2 -3 -5 -8 
13 -8 5 -3 2 -1 1 0 1 1 2 3 
21 -13 8 -5 3 -2 1 -1 0 -1 -1 
34 -21 13 -8 5 -3 2 -1 1 0 
55 -34 21 -13 8 -5 3 -2 1 
89 -55 34 -21 13 -8 5 -3 
144 -89 55 -34 21 -13 8 
233 -144 89 -55 34 -21 
377 -233 144 -89 55 
610 -377 233 -144 
987 -610 377 
1597 -987 
2584 
